   0.0000000000000000     
   13.852209496479324     
   18.278287374855019     
   22.166931723261875     
   25.918122326589284     
   29.715761192593625     
   33.691578344523315     
   37.979850202319916     
   42.761735151331607     
   48.345279577510340     
   55.402689822242181     
   66.162970961781056     
   153.76330927327547     
   167.91859722749015     
   178.93846755540983     
   189.26816490465120     
   199.64100188750780     
   210.44016938602425     
   221.95029382100392     
   234.44163698818474     
   248.21493523680564     
   263.63913637587297     
   281.19557803369787     
   301.53744254544591     
   325.56452470512414     
   354.44901727699113     
   389.04472464803735     
   422.64134610079623     
   0.0000000000000000     
   0.0000000000000000     
   0.0000000000000000     
