   0.0000000000000000     
  -1.6771113440968908E-002
  -3.9848857574757771E-002
  -4.9536808325309621E-002
  -3.8042436160557268E-002
  -3.6380075442951423E-003
   1.9806795644259790E-002
   3.5379243926384758E-002
   3.8190488273964790E-002
   1.6733411564177455E-002
  -1.9423362725758776E-002
  -5.5971854726940745E-002
   7.4415334619542823E-003
   1.0391786275424194E-002
  -3.7682751867096215E-002
  -6.4657504807687172E-002
  -6.2297359194028908E-002
  -3.4373335769133151E-002
   9.0493672718592617E-003
   5.2961104902198332E-002
   7.0008561933953490E-003
  -1.8979113179293035E-003
   5.9377747799194457E-003
   4.4483832810303818E-002
   7.7920347387654826E-002
   3.6983065264923710E-002
   8.7566267500711045E-002
  -8.3230171115905773E-003
   0.0000000000000000     
   0.0000000000000000     
   0.0000000000000000     
  -4.0599603733752262E-003
  -1.7250348507200534E-002
   9.2601504442256406E-003
   2.9791098495551834E-002
   3.7550159429642044E-002
  -1.8075317091057939E-002
  -1.2851458787240302E-002
  -2.0000040498234374E-002
  -3.7856925994442084E-002
  -1.3413341097883173E-002
   1.7117350197799384E-002
   3.0280193533100536E-002
   2.0187445634797783E-003
  -5.4304425405927940E-002
   1.9626795464147133E-002
   3.4878947355902738E-002
   2.5346141841331719E-002
   8.4499894867921151E-003
  -6.2855962094168737E-003
  -5.6011337391284464E-002
   2.0859307200013340E-002
   9.2715375389171781E-003
   1.6756979778250580E-002
  -4.1089862815952482E-003
  -3.2305201934734913E-002
   2.9068131002268981E-002
  -2.9105217276361485E-002
   1.5517677737780055E-002
  -1.6504722044540483E-004
   0.0000000000000000     
   0.0000000000000000     
