0.0
0.006465814629896745
-0.014695899348937001
-0.029683422697610498
-0.03250171028171158
0.023467617759114635
0.015712410423143593
0.02115231014780821
0.03698527867944566
0.01122730563504342
-0.01881325011371187
-0.03081496864278585
-0.0020660133584657348
0.055434711517041636
-0.017596689072932194
-0.03410500804151807
-0.026298208722098874
-0.010508737668441093
0.004079497870345825
0.05589862388232219
-0.019750118016861263
-0.009284369106941248
-0.018281970666850902
0.0014288063829850158
0.03248119500836617
-0.029487591968265874
0.03085250625378235
-0.012080113183780862
0.0
0.0
0.0
