0.0
0.009825966984657654
-0.0026986493771311137
-0.013307961299599448
-0.013438725711242328
0.002164405483112115
0.006766537212276992
0.010898734789967984
0.014534299949676047
0.006183509175042784
-0.006716787545013968
-0.014287707119486329
0.0009877641484967695
0.0195093050702102
-0.004554832866192278
-0.015012775653159692
-0.012401788434439589
-0.0040988460396566475
0.005967619524906452
0.02436114789178269
-0.008709051004530548
-0.006226489495285593
-0.007547893591191089
0.0027730968656731027
0.014440689733527249
-0.017049118774688284
0.013149529257492491
-0.005866464519440262
0.0
0.0
0.0
0.002378675496283733
-0.01394407988481218
-0.0016307702055995456
0.012994346816573977
0.025277503029318762
-0.017770349136721705
-0.0008401770786131984
-0.0008211588064844926
-0.01867885313247745
-0.0037006209222512163
0.01056485028403531
0.006289043973738081
0.015641155622385938
-0.04168557438564846
0.013454937617980212
0.015470889759787635
0.00534288970882379
0.00012069893419150702
0.004195897754625029
-0.03121563081816662
0.019931652198540907
-0.0021075017481895354
0.006381491982788638
0.00027918390408926435
-0.017709536010778484
0.01999145883605977
-0.011255034327111451
0.0031609437913302733
-0.00011633325361663401
0.0
0.0
