   6.0152837572102769E-012
 -0.21677018355477390     
 -0.38503973380770812     
 -0.54052793271519795     
  0.18024464774096249     
  0.14369378390371543     
  -5.9205078512026846E-002
 -0.20783580884785993     
 -0.31797100379676846     
  0.12966042893386148     
  0.27524334751857510     
  0.17041534450362353     
  -2.1085713435712030     
  -2.4864314662199947     
  -2.5933728260419864     
  -2.8357903325388087     
  -3.0076461921340458     
  -3.0146721060354476     
  -2.9221648038726764     
  -2.7480739306184385     
  -2.3101455699528310     
  -2.0472888464509271     
  -1.8006858946941586     
  -1.6341410209263894     
  -1.7650205947764446     
  -1.4635352965022341     
  -1.3219072205453899     
  -1.3385769509199914     
 -0.45190658473369921     
 -0.21324251615084852     
   6.0152837572102769E-012
 -0.11061938433509388     
 -0.18466776803891558     
  -8.6928676053917783E-002
  -4.8467552352709609E-002
  -5.0046917003843006E-002
  -6.5957507410185509E-002
  -6.1457858733835434E-002
  -5.5729772976311071E-002
   4.9552509761501252E-002
   3.6079110158361613E-002
  -9.1701528655909303E-002
  -8.6204054460604695E-002
  -3.8108544834944948E-002
   5.0505087770392372E-003
   4.5761342637016665E-002
   8.0372472533417810E-002
  0.10017582529520057     
   8.4833943448942295E-002
   5.8550257307692977E-002
   2.3377456906353213E-002
  -1.5072468707797035E-002
  -5.4170948266982294E-002
  -7.6226542218465768E-002
  -6.3034379525216636E-002
  -7.7971749059914636E-002
 -0.13327210443529378     
  -5.5581049087321227E-002
  -5.8154607849459208E-002
  -5.4070713168992555E-002
  -5.4067019907622083E-002
  -4.5844555127505515E-002
