          #                H                h                  b
 _______________________________________________________________________________
           1        0.0000000000000000             1.0000000000000000             1.0000000000000000     
           2       0.28257229815912233             1.2824722981616485            0.99990000000252621     
           3       0.35273820934541056             1.3525382093504630            0.99980000000505242     
           4       0.40287599328399426             1.4025759932915729            0.99970000000757864     
           5       0.44237389208259525             1.4419738920927001            0.99960000001010485     
           6       0.47491517924959914             1.4744151792622302            0.99950000001263106     
           7       0.50235977595056025             1.5017597759657175            0.99940000001515727     
           8       0.52576663855330263             1.5250666385709861            0.99930000001768349     
           9       0.54576305812207027             1.5449630581422800            0.99920000002020970     
          10       0.56269011107578715             1.5617901110985231            0.99910000002273591     
          11       0.57662551575471621             1.5756255157799783            0.99900000002526212     
          12       0.58720790247579768             1.5861079025035860            0.99890000002778834     
          13       0.59083359017852910             1.5896335902088436            0.99880000003031455     
          14       0.58127046764766077             1.5799704676805015            0.99870000003284076     
          15       0.56898334799594230             1.5675833480313093            0.99860000003536697     
          16       0.55464240233793882             1.5531424023758320            0.99850000003789319     
          17       0.53849387675417737             1.5368938767945968            0.99840000004041940     
          18       0.52062358824777122             1.5189235882907168            0.99830000004294561     
          19       0.50102563632722963             1.4992256363727015            0.99820000004547182     
          20       0.47962372907555717             1.4777237291235552            0.99810000004799804     
          21       0.45627292724443724             1.4542729272949615            0.99800000005052425     
          22       0.43074778962733107             1.4286477896803815            0.99790000005305046     
          23       0.40271473969266647             1.4005147397482431            0.99780000005557667     
          24       0.37167857838049789             1.3693785784386008            0.99770000005810289     
          25       0.33687714801535162             1.3344771480759807            0.99760000006062910     
          26       0.29705345004441375             1.2945534501075691            0.99750000006315531     
          27       0.24987298214497722             1.2472729822106587            0.99740000006568152     
          28       0.18990363536256205             1.1872036354307698            0.99730000006820774     
          29        0.0000000000000000            0.99720000007073395            0.99720000007073395     
          30        0.0000000000000000            0.99710000007326016            0.99710000007326016     
          31        0.0000000000000000            0.99700000007578637            0.99700000007578637     
