0.0010000000475275277
0.0005220098943005908
4.267531645489023e-05
-0.0004935259174409947
0.0032605561685868727
0.0031815072090993746
0.002234499963879343
0.0015254522110496928
0.000981503673501264
0.0032082362316310925
0.003926041049403198
0.00343736083126029
0.003686426746913098
0.0019062753820104253
0.001424403496356905
0.00020181209890655872
-0.000755668635041995
-0.0010245178636738741
-0.0009934438677694007
-0.000819931118221305
0.00035786128005605464
0.0005759534462992598
0.0007305409172987999
0.0005655869972219863
-0.0010110104308389061
-0.0005329028522886839
-0.0008845829336774807
-0.0021782543653092045
-0.0012595328761710448
-6.62125332567913e-05
0.0010000000475275277
0.9995935701857032
0.9992642820356648
0.9995311297548528
0.9996894562831005
0.9996845743583953
0.9996106758921698
0.9996389445392773
0.9996784336967588
1.0002194857961813
1.0001851130172599
0.999583509011579
0.9996303388901249
0.9998120694751281
0.9999893026951961
1.0001593580682278
1.0003015624673282
1.0003788658116706
1.000296255503444
1.0001758360084838
1.0000287876343463
0.999885121180114
0.9997388856741459
0.9996703204405268
0.9997623340280698
0.9996936354127725
0.9994305859624164
0.9998164570607876
0.9998333133047467
0.9997993423097772
0.9997296649004619
0.9997707772243625