0.0000000000000000
0.28274329588120506
0.35296007146742014
0.40314040178628763
0.44267770285122965
0.47525751397465554
0.50274123914369651     
0.52618919443388101
0.54623035816849974
0.56320853757003220
0.57720726308969628
0.58788413676547502
0.59214963895180084
0.58270608425858961
0.57050908987503735
0.55625092618280370
0.54018434504040203
0.52239845729187051
0.50288970341202566
0.48158391681141244
0.45833843586237433
0.43293052909772367
0.40503005640950440
0.37414633160462052
0.33952310930198104
0.29991025500468593
0.25297463695195765
0.19321798206164686
0.0000000000000000
0.0000000000000000
0.0000000000000000